737426	108.231
737426	81.5829
737427	43.8224
737427	98.5858
737427	116.53
737428	29.0122
737428	69.6862
737429	145.486
737429	44.7688
737429	31.8921
737430	137.88
737430	90.4874
737430	18.1036
737431	87.1574
737431	127.39
737431	52.1232
737432	26.5179
737432	119.255
737433	117.897
737433	1.80829
737433	71.7353
737434	156.265
737434	33.8674
737434	27.0314
737435	136.038
737435	92.1326
737435	23.0143
737436	78.595
737436	123.451
737437	60.9458
737437	31.9449
737437	113.808
737438	104.479
737438	25.4616
737438	86.6183
737439	120.043
737439	47.4843
737440	67.3742
737440	108.745
737440	73.5812
737441	60.3123
737441	94.4104
737441	96.465
737442	50.0685
737442	83.5912
737442	120.924
737443	41.4412
737443	62.4292
737444	146.755
737444	52.0992
737444	30.7194
737445	146.64
737445	93.405
737445	13.0736
737446	101.441
737446	139.713
737446	36.1606
737447	33.5212
737447	148.512
737448	103.798
737448	-11.5328
737448	109.558
737449	165.261
737449	-0.145567
737449	53.4803
737450	172.255
737450	57.4935
737450	23.0393
737451	128.086
737451	112.451
737452	34.2159
737452	74.603
737452	130.18
737453	65.3488
737453	48.8284
737453	119.621
737454	88.0205
737454	49.4683
737454	105.227
737455	94.2918
737455	54.8952
737456	95.425
737456	100.484
737456	62.0882
737457	73.5513
737457	111.048
737457	83.8275
737458	40.9399
737458	104.89
737459	125.936
737459	24.4832
737459	68.632
737460	155.971
737460	52.396
737460	27.0511
737461	135.147
737461	110.294
737461	20.4532
737462	71.624
737462	142.022
737463	71.6414
737463	14.7446
737463	117.164
737464	138.073
737464	12.9996
737464	60.3621
737465	156.39
737465	65.9596
737465	24.4092
737466	116.581
737466	121.986
737467	38.1253
737467	61.0508
737467	135.253
737468	78.496
737468	35.7065
737468	113.931
737469	107.562
737469	46.3204
737469	90.9689
737470	109.671
737470	65.0018
737471	79.9518
737471	106.028
737471	77.919
737472	64.6297
737472	112.44
737472	96.4457
737473	37.4733
737473	109.911
737473	136.086
737474	18.9325
737474	75.7943
737475	175.224
737475	40.9932
737475	27.1066
737476	167.765
737476	105.749
737476	3.11698
737477	105.278
737477	161.21
737478	37.3865
737478	30.2115
737478	160.592
737479	109.059
737479	0.373438
737479	110.279
737480	153.968
737480	33.0025
737480	56.5373
737481	142.057
737481	89.8817
737482	41.2953
737482	101.484
737482	120.853
737483	56.4422
737483	75.2277
737483	119.083
737484	72.025
737484	73.2241
737484	113.289
737485	74.6127
737485	70.6028
737486	116.348
737486	83.1353
737486	57.0554
737487	106.555
737487	110.907
737487	55.716
737488	67.9118
737488	131.488
737488	93.1657
737489	25.9318
737489	109.158
737490	148.93
737490	27.0334
737490	54.2931
737491	163.368
737491	85.5178
737491	14.5844
737492	114.885
737492	147.876
737492	33.9827
737493	44.0545
737493	153.002
737494	101.099
737494	13.4013
737494	103.137
737495	148.603
737495	46.1459
737495	47.3541
737496	136.462
737496	105.814
737497	33.2593
737497	92.1749
737497	139.135
737498	55.8718
737498	62.5015
737498	132.76
737499	81.0528
737499	61.2874
737499	118.747
737500	90.302
737500	65.5977
737501	116.519
737501	98.288
737501	58.4846
737502	105.912
737502	124.833
737502	57.1077
737503	65.94
737503	151.866
737503	91.5118
737504	16.2124
737504	138.712
737505	153.716
737505	4.08287
737505	80.5137
737506	186.845
737506	57.2225
737506	20.3661
737507	154.966
737507	137.277
737507	9.49497
737508	83.9145
737508	172.067
737509	57.5816
737509	33.5911
737509	143.211
737510	113.662
737510	39.4508
737510	90.3019
737511	127.487
737511	78.2232
737511	63.3656
737512	107.374
737512	105.983
737513	67.1801
737513	91.8811
737513	108.891
737514	71.0434
737514	93.9411
737514	111.787
737515	63.6635
737515	91.2252
737516	127.619
737516	67.5514
737516	66.7401
737517	130.609
737517	104.156
737517	43.6841
737518	95.6334
737518	147.265
737518	62.2453
737519	41.464
737519	146.591
737520	121.941
737520	19.0456
737520	92.9126
737521	163.92
737521	60.1932
737521	32.7459
737522	142.431
737522	134.702
737522	18.5593
737523	79.1907
737523	170.581
737524	62.1679
737524	32.1887
737524	142.628
737525	119.181
737525	39.1397
737525	88.1714
737526	137.265
737526	81.534
737526	54.8708
737527	117.726
737527	117.189
737528	54.7635
737528	99.1431
737528	127.612
737529	60.7534
737529	97.3444
737529	130.952
737530	58.4882
737530	93.267
737530	145.029
737531	65.5086
737531	68.0718
737532	149.941
737532	105.56
737532	38.0434
737533	115.967
737533	160.751
737533	43.2946
737534	53.5318
737534	179.609
737535	97.7494
737535	13.0857
737535	136.159
737536	155.649
737536	34.1331
737536	65.2096
737537	160.899
737537	102.689
737537	24.7136
737538	116.109
737538	155.515
737539	40.5805
737539	67.8114
737539	152.45
737540	83.6532
737540	56.7876
737540	116.947
737541	107.673
737541	77.5233
737541	88.46
737542	105.644
737542	96.0795
737543	81.7371
737543	104.95
737543	99.8335
737544	75.8406
737544	114.25
737544	106.222
737545	60.9163
737545	113.221
737545	128.493
737546	58.3131
737546	85.4396
737547	143.585
737547	92.9822
737547	48.892
737548	119.968
737548	148.117
737548	43.8254
737549	66.0676
737549	172.196
737549	87.4629
737550	28.175
737550	135.949
737551	142.455
737551	43.8995
737551	69.5488
737552	152.906
737552	105.748
737552	27.3877
737553	114.934
737553	162.462
737554	36.9479
737554	69.0543
737554	167.747
737555	78.5089
737555	52.6337
737555	136.147
737556	111.554
737556	68.4611
737556	103.441
737557	119.904
737557	88.5384
737558	86.8586
737558	123.403
737558	98.6417
737559	72.4412
737559	135.215
737559	110.133
737560	51.1364
737560	137.746
737560	134.81
737561	42.9161
737561	108.031
737562	158.393
737562	74.6715
737562	57.8734
737563	148.677
737563	137.253
737563	29.8051
737564	100.422
737564	181.879
737564	53.6697
737565	49.5541
737565	168.395
737566	109.506
737566	39.6168
737566	111.876
737567	141.729
737567	77.1496
737567	60.2672
737568	127.896
737568	129.065
737568	47.8668
737569	95.3589
737569	149.203
737570	68.2196
737570	76.5774
737570	135.779
737571	92.2733
737571	81.601
737571	112.856
737572	104.829
737572	91.3192
737573	96.9379
737573	116.36
737573	93.1236
737574	83.2898
737574	132.329
737574	98.9219
737575	64.7908
737575	136.839
737575	118.764
737576	55.7847
737576	111.796
737577	141.599
737577	79.4026
737577	68.0735
737578	137.15
737578	133.195
737578	40.3228
737579	97.5395
737579	178.975
737579	55.6144
737580	51.697
737580	174.286
737581	106.038
737581	38.9769
737581	123.4
737582	146.085
737582	69.2092
737582	66.5897
737583	143.811
737583	122.777
737583	40.7603
737584	116.471
737584	158.418
737585	49.5878
737585	92.8092
737585	159.699
737586	72.8469
737586	86.543
737586	142.292
737587	95.4444
737587	86.5461
737587	124.187
737588	119.607
737588	79.3819
737589	105.43
737589	146.695
737589	78.3524
737590	78.1957
737590	163.793
737590	97.2492
737591	53.8499
737591	148.014
737592	131.204
737592	58.0408
737592	99.967
737593	149.476
737593	99.7692
737593	52.3859
737594	130.412
737594	155.102
737594	40.4271
737595	87.1657
737595	176.713
737596	72.0539
737596	57.4627
737596	149.051
737597	116.115
737597	64.2554
737597	97.8195
737598	132.735
737598	101.94
737598	61.6635
737599	120.551
737599	137.085
737600	59.0008
737600	100.131
737600	144.6
737601	78.3174
737601	89.2511
737601	130.301
737602	100.392
737602	89.9971
737602	111.278
737603	120.411
737603	88.3089
737604	94.5525
737604	139.787
737604	88.1633
737605	76.0884
737605	153.741
737605	99.7627
737606	60.1818
737606	142.38
737606	125.76
737607	64.5095
737607	99.7833
737608	145.876
737608	99.873
737608	51.9334
737609	134.482
737609	156.679
737609	32.0812
737610	93.9166
737610	192.231
737611	56.1935
737611	55.6807
737611	178.172
737612	107.153
737612	48.309
737612	127.976
737613	143.359
737613	75.9107
737613	77.3072
737614	147.674
737614	115.448
737615	54.1872
737615	134.303
737615	138.382
737616	58.6976
737616	119.144
737616	138.71
737617	75.7537
737617	107.606
737617	131.119
737618	99.2066
737618	88.6716
737619	124.808
737619	127.193
737619	68.2394
737620	110.126
737620	156.819
737620	64.8038
737621	81.3624
737621	168.631
737621	89.8084
737622	58.2852
737622	142.221
737623	128.33
737623	65.4561
737623	89.1256
737624	143.45
737624	112.368
737624	45.6803
737625	119.863
737625	162.716
737625	45.4917
737626	78.9693
737626	169.605
737627	88.0323
737627	57.5821
737627	129.816
737628	131.322
737628	74.5781
737628	78.3007
737629	140.588
737629	112.613
737630	54.2302
737630	123.192
737630	136.97
737631	65.1959
737631	102.472
737631	132.622
737632	89.2115
737632	93.4916
737632	116.59
737633	111.248
737633	86.3718
737634	106.652
737634	130.882
737634	74.3643
737635	96.1458
737635	154.507
737635	70.5177
737636	73.4005
737636	169.456
737636	91.4446
737637	51.2658
737637	147.515
737638	134.278
737638	53.046
737638	90.4355
737639	161.807
737639	97.5473
737639	33.2776
737640	147.115
737640	162.128
737640	16.1804
737641	101.564
737641	191.777
737642	52.211
737642	61.4396
737642	166.816
737643	110.317
737643	55.0205
737643	114.932
737644	144.914
737644	76.0939
737644	77.8936
737645	145.756
737645	98.9795
737646	71.195
737646	133.37
737646	106.896
737647	76.3061
737647	125.207
737647	108.746
737648	79.9826
737648	111.988
737649	119.373
737649	90.5997
737649	80.9216
737650	127.586
737650	122.624
737650	49.377
737651	109.025
737651	163.576
737651	49.6004
737652	69.2927
737652	169.353
737653	94.8716
737653	42.5603
737653	122.982
737654	144.121
737654	64.2579
737654	57.661
737655	147.765
737655	125.995
737655	27.0369
737656	105.119
737656	165.966
737657	56.0688
737657	58.6154
737657	147.786
737658	113.64
737658	51.0907
737658	95.5925
737659	145.717
737659	79.8308
737659	57.9695
737660	136.814
737660	109.97
737661	57.7593
737661	115.247
737661	117.152
737662	75.3076
737662	103.513
737662	110.992
737663	87.2539
737663	93.3799
737663	115.831
737664	98.2599
737664	67.4663
737665	124.494
737665	127.848
737665	37.4238
737666	107.168
737666	173.228
737666	35.3124
737667	62.2487
737667	189.69
737668	83.705
737668	23.9673
737668	146.717
737669	151.242
737669	30.7
737669	69.1435
737670	178.291
737670	89.3907
737670	15.1778
737671	147.192
737671	148.073
737672	23.2737
737672	91.0449
737672	156.709
737673	74.5672
737673	58.6517
737673	123.365
737674	118.241
737674	62.2948
737674	91.3268
737675	127.387
737675	74.4926
737676	84.2087
737676	123.245
737676	75.2229
737677	84.8475
737677	128.544
737677	75.0185
737678	70.7868
737678	130.118
737678	98.4064
737679	55.9444
737679	99.6309
737680	132.833
737680	74.5359
737680	46.9965
737681	134.818
737681	130.854
737681	19.488
737682	88.803
737682	171.303
737682	55.0379
737683	33.8776
737683	147.22
737684	127.088
737684	22.5662
737684	76.5668
737685	162.894
737685	72.5791
737685	21.6657
737686	133.28
737686	133.443
737687	28.751
737687	74.5304
737687	144.384
737688	81.8162
737688	40.9561
737688	107.959
737689	128.048
737689	50.5344
737689	71.9088
737690	134.932
737690	72.7516
737691	63.4819
737691	122.679
737691	82.4309
737692	68.5788
737692	120.84
737692	85.2525
737693	62.0188
737693	119.342
737693	107.348
737694	50.816
737694	87.5714
737695	144.358
737695	68.179
737695	29.9457
737696	154.235
737696	126.807
737696	-7.38548
737697	108.866
737697	181.692
737697	20.3643
737698	38.5018
737698	175.78
737699	102.213
737699	-0.181074
737699	111.515
737700	166.202
737700	25.3468
737700	43.5344
737701	161.887
737701	84.8734
737701	25.1891
737702	112.585
737702	118.089
737703	54.2648
737703	71.2875
737703	108.199
737704	87.7711
737704	64.4779
737704	90.7891
737705	97.6984
737705	66.2489
737706	91.3522
737706	99.6452
737706	54.5777
737707	94.969
737707	117.534
737707	45.0343
737708	73.746
737708	135.322
737708	71.496
737709	36.9996
737709	115.212
737710	126.28
737710	30.4931
737710	56.0123
737711	154.981
737711	79.822
737711	6.39906
737712	118.775
737712	143.563
737712	18.4054
737713	47.2985
737713	153.286
737714	89.6395
737714	3.22165
737714	100.123
737715	154.138
737715	22.6583
737715	36.4713
737716	152.89
737716	81.2353
737716	17.7778
737717	103.26
737717	119.939
737718	48.8853
737718	56.2224
737718	113.289
737719	89.5478
737719	43.132
737719	92.7555
737720	108.669
737720	46.4231
737720	87.6114
737721	113.492
737721	41.9162
737722	87.8524
737722	127.698
737722	38.4839
737723	67.0824
737723	144.288
737723	67.6329
737724	27.8463
737724	126.548
737725	129.826
737725	10.2647
737725	64.5022
737726	176.282
737726	48.5606
737726	0.833874
737727	156.657
737727	119.92
737727	-7.92485
737728	82.4492
737728	156.846
737729	48.9048
737729	14.9863
737729	129.528
737730	122.527
737730	3.67875
737730	73.232
737731	147.965
737731	40.7191
737731	40.021
737732	123.153
737732	78.2695
737733	47.5265
737733	87.8901
737733	87.4554
737734	67.0262
737734	71.7275
737734	87.6152
737735	72.8057
737735	64.414
737735	99.2839
737736	75.2301
737736	45.5336
737737	108.404
737737	96.2381
737737	27.3714
737738	87.7258
737738	126.82
737738	45.0699
737739	40.1022
737739	126.071
737739	103.788
737740	7.59806
737740	77.6518
737741	157.238
737741	29.6996
737741	17.3088
737742	150.436
737742	93.816
737742	0.716222
737743	85.395
737743	137.577
737744	45.3159
737744	17.5844
737744	121.471
737745	116.874
737745	-1.59708
737745	71.1139
737746	152.316
737746	30.305
737746	33.6304
737747	134.819
737747	74.7599
737748	33.6004
737748	97.5227
737748	96.9149
737749	53.8335
737749	71.0411
737749	102.731
737750	67.5476
737750	54.733
737750	113.627
737751	77.1963
737751	32.2227
737752	124.395
737752	98.763
737752	11.5707
737753	106.329
737753	131.754
737753	24.7716
737754	52.5616
737754	144.149
737754	83.4715
737755	0.54464
737755	109.66
737756	151.877
737756	-2.35334
737756	45.8066
737757	171.946
737757	50.55
737757	5.0443
737758	127.652
737758	110.465
737758	18.7956
737759	58.9427
737759	124.296
737760	73.732
737760	17.8276
737760	96.353
737761	119.594
737761	22.0228
737761	63.3498
737762	124.928
737762	49.3446
737763	52.0036
737763	104.916
737763	71.351
737764	57.8004
737764	83.9357
737764	86.4458
737765	58.823
737765	68.9721
737765	105.331
737766	58.3543
737766	49.0459
737767	121.665
737767	72.8548
737767	26.4104
737768	111.293
737768	104.623
737768	27.5979
737769	66.1775
737769	125.825
737769	70.244
737770	15.3515
737770	105.857
737771	134.141
737771	1.32812
737771	52.2637
737772	165.894
737772	41.0863
737772	9.34763
737773	135.769
737773	103.174
737773	12.3062
737774	69.303
737774	131.711
737775	60.8999
737775	16.2656
737775	113.821
737776	118.24
737776	5.94143
737776	79.0301
737777	142.038
737777	28.8218
737777	56.3318
737778	130.853
737778	59.2705
737779	52.4208
737779	107.686
737779	86.9591
737780	48.4321
737780	87.6046
737780	114.307
737781	42.6791
737781	63.759
737782	139.127
737782	52.3515
737782	32.6913
737783	141.415
737783	86.0355
737783	16.0684
737784	103.069
737784	124.797
737784	38.0401
737785	41.7795
737785	131.198
737786	97.8242
737786	0.554992
737786	93.3279
737787	152.621
737787	10.6368
737787	40.9737
737788	155.657
737788	63.1738
737788	17.1361
737789	108.102
737789	109.395
737790	39.3953
737790	49.8197
737790	115.953
737791	87.0806
737791	22.4085
